data set = axis III.
intercept = 1.2321805928043075 +/- 0.38846838406543368E-002.
gap       = -0.85761837876563796 +/- 0.37889698171988100E-002.
slope     = -7.5053225566823869 +/- 0.43454439669970812E-001.

 2016-08-29 17:19:01
