data set = axis II.
intercept = 4.9742814849956574 +/- 0.52430528315724596E-001.
gap       = 5.1683901659133369 +/- 0.52150807169142853E-001.
slope     = -2.0751468946042735 +/- 0.92077791364698638E-001.

 2016-08-16 11:19:41
