data set = axis I.
intercept = 0.98989391110774783 +/- 0.32002478858138930E-002.
gap       = 0.33761437784118709 +/- 0.16540542769529942E-002.
slope     = 3.4377286888016476 +/- 0.13022885493030300E-001.

 2016-08-16 11:19:41
